waypoint_mission:
  waypoint_1:
    x_m: 2.0973591804504395
    y_m: 0.06096696853637695
    yaw_rad: 0.00026282476028427487
  waypoint_2:
    x_m: 3.259990930557251
    y_m: 0.015378952026367188
    yaw_rad: -3.1144237518310547
  waypoint_3:
    x_m: -0.08235907554626465
    y_m: -0.04014444351196289
    yaw_rad: 3.1266255378723145

twist_mission:
  twist_1:
    lin_vel: 1
    ang_vel: 1
    time: 5
  twist_2:
    lin_vel: 1
    ang_vel: 1
    time: 5
  twist_3:
    lin_vel: 1
    ang_vel: 1
    time: 5
